SOLUTION
iter= 299
p: 0.14579089164918607 0.0 0.08016085257754885 0.0 0.14579089164918607 0.0 0.0 0.0 0.0 0.0 0.08016085257754883 0.0 0.09619302309306005 0.0 0.08016085257754883 0.0 0.0 0.0 0.0 0.0 0.14579089164918607 0.0 0.08016085257754885 0.0 0.14579089164918607 
detM= 0.011426998668460656 |proj|= 1.1379786002407855e-15
